index 1 0.004228377342227248
United_States_09d4 2 3.4151946000327195E-4
Geographic_coordinate_system 3 2.736556949522202E-4
Biography 4 2.3141575338654356E-4
2007 5 2.0047452571036653E-4
France 6 1.4389792061655755E-4
2008 7 1.2711403481702747E-4
United_Kingdom_5ad7 8 1.2594773227844516E-4
Biological_classification 9 1.2568073101998064E-4
Music_genre 10 1.2280148169212056E-4
Record_label 11 1.2242464404932192E-4
England 12 1.1040874429191008E-4
2006 13 1.1032342975038246E-4
Canada 14 9.509534733509407E-5
2005 15 8.799236668958945E-5
Internet_Movie_Database_7ea7 16 8.660619411237505E-5
Binomial_nomenclature 17 8.168445450452952E-5
India 18 7.67868425896791E-5
Australia 19 7.66309519179963E-5
Personal_name 20 7.531947279548683E-5
Germany 21 7.37146883746382E-5
Departments_of_France_f3ab 22 7.1050056058345E-5
Studio_album 23 6.991665471400713E-5
Village 24 6.581522340006463E-5
2004 25 6.580454171036908E-5
Japan 26 6.392752831939808E-5
Football_%28soccer%29 27 6.363498250398455E-5
Record_producer 28 6.298006440487798E-5
English_language 29 5.553525415106121E-5
2003 30 5.369813948002722E-5
Conservation_status 31 5.360014948950361E-5
Politician 32 5.331394981864019E-5
Population_density 33 4.722709991119958E-5
2001 34 4.7207905190575365E-5
London 35 4.7061517292410955E-5
Animal 36 4.7005113211782866E-5
Europe 37 4.661881601101401E-5
Italy 38 4.630004109015512E-5
World_War_II_d045 39 4.590461247746312E-5
Album 40 4.5592863931276426E-5
Website 41 4.5357993595946384E-5
2002 42 4.460061956584284E-5
Wiktionary 43 4.427484660000231E-5
Romania 44 4.4256171745010647E-5
Metre 45 4.41592499279218E-5
1999 46 4.10781846659819E-5
2000 47 4.096758541972836E-5
Time_zone 48 4.093293834367071E-5
Public_domain 49 3.9694022267580524E-5
Plant 50 3.838834694305442E-5
Square_mile 51 3.7311075786275356E-5
Spain 52 3.6973473849001696E-5
Elevation 53 3.6956777134429315E-5
Actor 54 3.67832198599016E-5
Area 55 3.623436026736069E-5
Square_kilometer 56 3.574320157461045E-5
1998 57 3.478642456335635E-5
Television 58 3.46126713426978E-5
Digital_object_identifier 59 3.447612026669493E-5
Population 60 3.439488575925863E-5
New_York_City_1428 61 3.4391368029018925E-5
Poland 62 3.437166021269602E-5
New_York_3da4 63 3.417921905935566E-5
Flowering_plant 64 3.3828799308118766E-5
California 65 3.3772163084454274E-5
Sweden 66 3.3745715339638845E-5
Scotland 67 3.370943428324023E-5
Film 68 3.321511464295278E-5
China 69 3.301915240084587E-5
Norway 70 3.272038379994408E-5
Animalia 71 3.229261806512747E-5
Russia 72 3.1864528573936314E-5
Brazil 73 3.161150926570728E-5
1997 74 3.161077407478622E-5
1996 75 3.0617596082738834E-5
List_of_countries 76 3.0028610544251872E-5
New_Zealand_2311 77 2.981217302232883E-5
Chordata 78 2.976912520617663E-5
Foot_%28unit_of_length%29 79 2.9010784587786824E-5
All_Music_Guide_0e49 80 2.9006463563774812E-5
Writer 81 2.8940942610608736E-5
Netherlands 82 2.83849522824054E-5
1995 83 2.8249985043599162E-5
Census 84 2.8198669894663196E-5
Building 85 2.8187276210880095E-5
School 86 2.785768251831246E-5
Tributary 87 2.779203851116441E-5
Ireland 88 2.7520137709928924E-5
Magnoliopsida 89 2.731348053121931E-5
Endemism 90 2.5748274876049122E-5
1994 91 2.5595684787566006E-5
Rock_music 92 2.5281993845987265E-5
Poet 93 2.49289289687401E-5
Single_%28music%29 94 2.4753100000233068E-5
1982 95 2.4673062217185467E-5
1992 96 2.4569337458077888E-5
USA_f75d 97 2.4495904011650184E-5
1991 98 2.448491068373636E-5
1990 99 2.417625335251279E-5
Paris 100 2.4078781508574643E-5
